busy_wait.txt
iters,nothrd,val,time
100 2 3.13 0.000966
100 2 3.13 0.000692
100 2 3.13 0.002679
100 2 3.13 0.000271
100 2 3.13 0.000410
100 4 3.13 0.936728
100 4 3.13 0.876272
100 4 3.13 0.924039
100 4 3.13 0.853414
100 4 3.13 0.841939
100 2 3.13 0.004515
100 2 3.13 0.000338
100 2 3.13 0.005332
100 2 3.13 0.000373
100 2 3.13 0.000329
100 4 3.13 0.795825
100 4 3.13 1.029002
100 4 3.13 0.829017
100 4 3.13 0.882502
100 4 3.13 0.899073
100000 2 3.14 0.018820
100000 2 3.14 0.012752
100000 2 3.14 0.011253
100000 2 3.14 0.013859
100000 2 3.14 0.011345
100000 4 3.14 944.020650
100000 4 3.14 938.388883
100000 4 3.14 943.273918
100000 4 3.14 947.011253
100000 4 3.14 804.463551
