conditional_var.txt
iters,nothrd,val,time
100 2 3.13 0.000272
100 2 3.13 0.000263
100 2 3.13 0.000350
100 2 3.13 0.000272
100 2 3.13 0.000277
100 4 3.13 0.000438
100 4 3.13 0.000393
100 4 3.13 0.000427
100 4 3.13 0.000442
100 4 3.13 0.000375
100 6 3.13 0.000602
100 6 3.13 0.000577
100 6 3.13 0.000508
100 6 3.13 0.000441
100 6 3.13 0.000445
100 8 3.13 0.000635
100 8 3.13 0.000628
100 8 3.13 0.000590
100 8 3.13 0.000625
100 8 3.13 0.000612
1000 2 3.14 0.000512
1000 2 3.14 0.000566
1000 2 3.14 0.000552
1000 2 3.14 0.000302
1000 2 3.14 0.000574
1000 4 3.14 0.000420
1000 4 3.14 0.000495
1000 4 3.14 0.000605
1000 4 3.14 0.000756
1000 4 3.14 0.000578
1000 6 3.14 0.000674
1000 6 3.14 0.000671
1000 6 3.14 0.000584
1000 6 3.14 0.000710
1000 6 3.14 0.000717
1000 8 3.14 0.000748
1000 8 3.14 0.000891
1000 8 3.14 0.000815
1000 8 3.14 0.000833
1000 8 3.14 0.000908
10000 2 3.14 0.003472
10000 2 3.14 0.003877
10000 2 3.14 0.002889
10000 2 3.14 0.003809
10000 2 3.14 0.000989
10000 4 3.14 0.002475
10000 4 3.14 0.002729
10000 4 3.14 0.003291
10000 4 3.14 0.004570
10000 4 3.14 0.002455
10000 6 3.14 0.002792
10000 6 3.14 0.002026
10000 6 3.14 0.001373
10000 6 3.14 0.003997
10000 6 3.14 0.003704
10000 8 3.14 0.002402
10000 8 3.14 0.002310
10000 8 3.14 0.003100
10000 8 3.14 0.002936
10000 8 3.14 0.002953
100000 2 3.14 0.017803
100000 2 3.14 0.021374
100000 2 3.14 0.017927
100000 2 3.14 0.022309
100000 2 3.14 0.016385
100000 4 3.14 0.004409
100000 4 3.14 0.014766
100000 4 3.14 0.015789
100000 4 3.14 0.018587
100000 4 3.14 0.013881
100000 6 3.14 0.010582
100000 6 3.14 0.029918
100000 6 3.14 0.019616
100000 6 3.14 0.019459
100000 6 3.14 0.028934
100000 8 3.14 0.009620
100000 8 3.14 0.015409
100000 8 3.14 0.026590
100000 8 3.14 0.018261
100000 8 3.14 0.020132
1000000 2 3.14 0.218623
1000000 2 3.14 0.160245
1000000 2 3.14 0.120613
1000000 2 3.14 0.184747
1000000 2 3.14 0.170321
1000000 4 3.14 0.067572
1000000 4 3.14 0.055754
1000000 4 3.14 0.079706
1000000 4 3.14 0.052133
1000000 4 3.14 0.071935
1000000 6 3.14 0.159105
1000000 6 3.14 0.165901
1000000 6 3.14 0.174679
1000000 6 3.14 0.065056
1000000 6 3.14 0.113723
1000000 8 3.14 0.165538
1000000 8 3.14 0.073204
1000000 8 3.14 0.113874
1000000 8 3.14 0.056539
1000000 8 3.14 0.056938
