cond_barrier.txt
iters,nothrd,val,time
100 2 3.13 0.000680
100 2 3.13 0.000546
100 2 3.13 0.000566
100 2 3.13 0.000627
100 2 3.13 0.000523
100 4 3.13 0.000849
100 4 3.13 0.000972
100 4 3.13 0.000941
100 4 3.13 0.000511
100 4 3.13 0.000750
100 6 3.13 0.001287
100 6 3.13 0.001070
100 6 3.13 0.001048
100 6 3.13 0.000860
100 6 3.13 0.000815
100 8 3.13 0.001076
100 8 3.13 0.001199
100 8 3.13 0.001206
100 8 3.13 0.001169
100 8 3.13 0.001001
1000 2 3.14 0.002925
1000 2 3.14 0.003298
1000 2 3.14 0.003344
1000 2 3.14 0.003325
1000 2 3.14 0.002999
1000 4 3.14 0.005120
1000 4 3.14 0.004959
1000 4 3.14 0.005421
1000 4 3.14 0.005596
1000 4 3.14 0.005499
1000 6 3.14 0.005346
1000 6 3.14 0.007440
1000 6 3.14 0.006078
1000 6 3.14 0.006230
1000 6 3.14 0.006251
1000 8 3.14 0.007098
1000 8 3.14 0.005878
1000 8 3.14 0.007009
1000 8 3.14 0.005759
1000 8 3.14 0.006859
10000 2 3.14 0.033000
10000 2 3.14 0.026669
10000 2 3.14 0.034191
10000 2 3.14 0.034126
10000 2 3.14 0.031141
10000 4 3.14 0.041182
10000 4 3.14 0.027570
10000 4 3.14 0.040369
10000 4 3.14 0.038433
10000 4 3.14 0.037996
10000 6 3.14 0.052855
10000 6 3.14 0.035777
10000 6 3.14 0.082452
10000 6 3.14 0.049939
10000 6 3.14 0.053514
10000 8 3.14 0.061271
10000 8 3.14 0.063438
10000 8 3.14 0.063231
10000 8 3.14 0.055299
10000 8 3.14 0.060516
100000 2 3.14 0.353779
100000 2 3.14 0.341699
100000 2 3.14 0.356831
100000 2 3.14 0.345166
100000 2 3.14 0.358891
100000 4 3.14 0.327966
100000 4 3.14 0.329017
100000 4 3.14 0.316884
100000 4 3.14 0.297195
100000 4 3.14 0.316317
100000 6 3.14 0.416299
100000 6 3.14 0.431386
100000 6 3.14 0.405204
100000 6 3.14 0.450203
100000 6 3.14 0.468683
100000 8 3.14 0.456502
100000 8 3.14 0.418270
100000 8 3.14 0.392132
100000 8 3.14 0.424965
100000 8 3.14 0.403554
1000000 2 3.14 3.543676
1000000 2 3.14 3.538591
1000000 2 3.14 3.626627
1000000 2 3.14 3.307258
1000000 2 3.14 3.190787
1000000 4 3.14 3.155316
1000000 4 3.14 3.038085
1000000 4 3.14 3.758273
1000000 4 3.14 4.050389
1000000 4 3.14 3.167044
1000000 6 3.14 4.490704
1000000 6 3.14 4.480548
1000000 6 3.14 4.172148
1000000 6 3.14 4.529523
1000000 6 3.14 4.535669
1000000 8 3.14 5.208314
1000000 8 3.14 4.813481
1000000 8 3.14 4.542166
1000000 8 3.14 5.300008
1000000 8 3.14 4.810255
