mutex.txt
iters,nothrd,val,time
100 2 3.13 0.000229
100 2 3.13 0.000262
100 2 3.13 0.000236
100 2 3.13 0.000227
100 2 3.13 0.000248
100 4 3.13 0.000378
100 4 3.13 0.000370
100 4 3.13 0.000368
100 4 3.13 0.000378
100 4 3.13 0.000495
100 6 3.13 0.000464
100 6 3.13 0.000493
100 6 3.13 0.000520
100 6 3.13 0.000408
100 6 3.13 0.000394
100 8 3.13 0.000468
100 8 3.13 0.000608
100 8 3.13 0.000461
100 8 3.13 0.000522
100 8 3.13 0.000499
1000 2 3.14 0.000216
1000 2 3.14 0.000257
1000 2 3.14 0.000273
1000 2 3.14 0.000301
1000 2 3.14 0.000268
1000 4 3.14 0.000357
1000 4 3.14 0.000417
1000 4 3.14 0.000360
1000 4 3.14 0.000707
1000 4 3.14 0.000571
1000 6 3.14 0.000576
1000 6 3.14 0.000450
1000 6 3.14 0.000459
1000 6 3.14 0.000570
1000 6 3.14 0.000532
1000 8 3.14 0.000640
1000 8 3.14 0.000609
1000 8 3.14 0.000550
1000 8 3.14 0.000697
1000 8 3.14 0.000690
10000 2 3.14 0.000743
10000 2 3.14 0.000796
10000 2 3.14 0.000540
10000 2 3.14 0.000764
10000 2 3.14 0.000764
10000 4 3.14 0.000886
10000 4 3.14 0.000833
10000 4 3.14 0.000948
10000 4 3.14 0.000803
10000 4 3.14 0.000821
10000 6 3.14 0.001660
10000 6 3.14 0.001804
10000 6 3.14 0.000813
10000 6 3.14 0.001025
10000 6 3.14 0.001622
10000 8 3.14 0.001813
10000 8 3.14 0.002647
10000 8 3.14 0.002824
10000 8 3.14 0.002338
10000 8 3.14 0.000853
100000 2 3.14 0.020311
100000 2 3.14 0.006391
100000 2 3.14 0.005484
100000 2 3.14 0.005258
100000 2 3.14 0.005383
100000 4 3.14 0.005311
100000 4 3.14 0.004907
100000 4 3.14 0.009280
100000 4 3.14 0.006537
100000 4 3.14 0.016767
100000 6 3.14 0.005019
100000 6 3.14 0.005020
100000 6 3.14 0.021539
100000 6 3.14 0.017469
100000 6 3.14 0.003969
100000 8 3.14 0.019413
100000 8 3.14 0.022610
100000 8 3.14 0.025159
100000 8 3.14 0.024189
100000 8 3.14 0.005486
1000000 2 3.14 0.185100
1000000 2 3.14 0.170890
1000000 2 3.14 0.155069
1000000 2 3.14 0.185943
1000000 2 3.14 0.100798
1000000 4 3.14 0.064324
1000000 4 3.14 0.086764
1000000 4 3.14 0.084734
1000000 4 3.14 0.080581
1000000 4 3.14 0.156769
1000000 6 3.14 0.186567
1000000 6 3.14 0.164484
1000000 6 3.14 0.169684
1000000 6 3.14 0.175686
1000000 6 3.14 0.157367
1000000 8 3.14 0.078003
1000000 8 3.14 0.078848
1000000 8 3.14 0.169903
1000000 8 3.14 0.071902
1000000 8 3.14 0.089689
