semaphore.txt
iters,nothrd,val,time
100 2 3.13 0.000244
100 2 3.13 0.000282
100 2 3.13 0.000307
100 2 3.13 0.000267
100 2 3.13 0.000926
100 4 3.13 0.000351
100 4 3.13 0.000341
100 4 3.13 0.000434
100 4 3.13 0.000525
100 4 3.13 0.000411
100 6 3.13 0.000518
100 6 3.13 0.000465
100 6 3.13 0.000541
100 6 3.13 0.000508
100 6 3.13 0.000461
100 8 3.13 0.000505
100 8 3.13 0.000500
100 8 3.13 0.000589
100 8 3.13 0.000481
100 8 3.13 0.000677
1000 2 3.14 0.000257
1000 2 3.14 0.000294
1000 2 3.14 0.000295
1000 2 3.14 0.000340
1000 2 3.14 0.000281
1000 4 3.14 0.000530
1000 4 3.14 0.000515
1000 4 3.14 0.000436
1000 4 3.14 0.000417
1000 4 3.14 0.000446
1000 6 3.14 0.000519
1000 6 3.14 0.000620
1000 6 3.14 0.000517
1000 6 3.14 0.000814
1000 6 3.14 0.000734
1000 8 3.14 0.000688
1000 8 3.14 0.000659
1000 8 3.14 0.000749
1000 8 3.14 0.000685
1000 8 3.14 0.000885
10000 2 3.14 0.000695
10000 2 3.14 0.000789
10000 2 3.14 0.000618
10000 2 3.14 0.000789
10000 2 3.14 0.000798
10000 4 3.14 0.000884
10000 4 3.14 0.001210
10000 4 3.14 0.002958
10000 4 3.14 0.000918
10000 4 3.14 0.000820
10000 6 3.14 0.002504
10000 6 3.14 0.002613
10000 6 3.14 0.000834
10000 6 3.14 0.002987
10000 6 3.14 0.002613
10000 8 3.14 0.000903
10000 8 3.14 0.002788
10000 8 3.14 0.003368
10000 8 3.14 0.003087
10000 8 3.14 0.001985
100000 2 3.14 0.004111
100000 2 3.14 0.014708
100000 2 3.14 0.038446
100000 2 3.14 0.016767
100000 2 3.14 0.012151
100000 4 3.14 0.031424
100000 4 3.14 0.035260
100000 4 3.14 0.018891
100000 4 3.14 0.019413
100000 4 3.14 0.004623
100000 6 3.14 0.028532
100000 6 3.14 0.023651
100000 6 3.14 0.021567
100000 6 3.14 0.013230
100000 6 3.14 0.025927
100000 8 3.14 0.024365
100000 8 3.14 0.023932
100000 8 3.14 0.021300
100000 8 3.14 0.019525
100000 8 3.14 0.027712
1000000 2 3.14 0.166125
1000000 2 3.14 0.308692
1000000 2 3.14 0.155520
1000000 2 3.14 0.256646
1000000 2 3.14 0.155328
1000000 4 3.14 0.098697
1000000 4 3.14 0.128661
1000000 4 3.14 0.176210
1000000 4 3.14 0.104902
1000000 4 3.14 0.250163
1000000 6 3.14 0.200640
1000000 6 3.14 0.233769
1000000 6 3.14 0.211620
1000000 6 3.14 0.218073
1000000 6 3.14 0.185791
1000000 8 3.14 0.244805
1000000 8 3.14 0.187891
1000000 8 3.14 0.230002
1000000 8 3.14 0.122015
1000000 8 3.14 0.190482
