conditional_var.txt
iters,nothrd,val,time
100 2 3.13 0.000234
100 2 3.13 0.000284
100 2 3.13 0.000227
100 2 3.13 0.000248
100 2 3.13 0.000281
100 4 3.13 0.000369
100 4 3.13 0.000394
100 4 3.13 0.000432
100 4 3.13 0.000434
100 4 3.13 0.000436
100 6 3.13 0.000601
100 6 3.13 0.000547
100 6 3.13 0.000524
100 6 3.13 0.000540
100 6 3.13 0.000550
100 8 3.13 0.000723
100 8 3.13 0.000630
100 8 3.13 0.000687
100 8 3.13 0.000662
100 8 3.13 0.000692
1000 2 3.14 0.000555
1000 2 3.14 0.000526
1000 2 3.14 0.000652
1000 2 3.14 0.000627
1000 2 3.14 0.000580
1000 4 3.14 0.000577
1000 4 3.14 0.000579
1000 4 3.14 0.000613
1000 4 3.14 0.000577
1000 4 3.14 0.000720
1000 6 3.14 0.000692
1000 6 3.14 0.000762
1000 6 3.14 0.000752
1000 6 3.14 0.000609
1000 6 3.14 0.000773
1000 8 3.14 0.000856
1000 8 3.14 0.000954
1000 8 3.14 0.000867
1000 8 3.14 0.000816
1000 8 3.14 0.000748
10000 2 3.14 0.000635
10000 2 3.14 0.003375
10000 2 3.14 0.000937
10000 2 3.14 0.001716
10000 2 3.14 0.003571
10000 4 3.14 0.002891
10000 4 3.14 0.004263
10000 4 3.14 0.003630
10000 4 3.14 0.002868
10000 4 3.14 0.002577
10000 6 3.14 0.002711
10000 6 3.14 0.001711
10000 6 3.14 0.001645
10000 6 3.14 0.002807
10000 6 3.14 0.002852
10000 8 3.14 0.002294
10000 8 3.14 0.003068
10000 8 3.14 0.002476
10000 8 3.14 0.002799
10000 8 3.14 0.002923
100000 2 3.14 0.015831
100000 2 3.14 0.018688
100000 2 3.14 0.022574
100000 2 3.14 0.022766
100000 2 3.14 0.022725
100000 4 3.14 0.015905
100000 4 3.14 0.014382
100000 4 3.14 0.018249
100000 4 3.14 0.014401
100000 4 3.14 0.010991
100000 6 3.14 0.007267
100000 6 3.14 0.016033
100000 6 3.14 0.021911
100000 6 3.14 0.025902
100000 6 3.14 0.021065
100000 8 3.14 0.020504
100000 8 3.14 0.022320
100000 8 3.14 0.017070
100000 8 3.14 0.020329
100000 8 3.14 0.024318
1000000 2 3.14 0.175525
1000000 2 3.14 0.186720
1000000 2 3.14 0.122384
1000000 2 3.14 0.195406
1000000 2 3.14 0.214797
1000000 4 3.14 0.158007
1000000 4 3.14 0.200144
1000000 4 3.14 0.187191
1000000 4 3.14 0.193520
1000000 4 3.14 0.181563
1000000 6 3.14 0.196280
1000000 6 3.14 0.185523
1000000 6 3.14 0.145556
1000000 6 3.14 0.192180
1000000 6 3.14 0.123173
1000000 8 3.14 0.183736
1000000 8 3.14 0.183552
1000000 8 3.14 0.200249
1000000 8 3.14 0.200929
1000000 8 3.14 0.193269
