cond_barrier.txt
iters,nothrd,val,time
100 2 3.13 0.000653
100 2 3.13 0.000463
100 2 3.13 0.000699
100 2 3.13 0.000482
100 2 3.13 0.000455
100 4 3.13 0.000894
100 4 3.13 0.000821
100 4 3.13 0.000776
100 4 3.13 0.000922
100 4 3.13 0.000743
100 6 3.13 0.001259
100 6 3.13 0.001041
100 6 3.13 0.001174
100 6 3.13 0.001055
100 6 3.13 0.001054
100 8 3.13 0.001227
100 8 3.13 0.001337
100 8 3.13 0.001153
100 8 3.13 0.001417
100 8 3.13 0.001238
1000 2 3.14 0.003196
1000 2 3.14 0.003345
1000 2 3.14 0.003345
1000 2 3.14 0.003278
1000 2 3.14 0.003196
1000 4 3.14 0.004993
1000 4 3.14 0.005024
1000 4 3.14 0.005408
1000 4 3.14 0.005258
1000 4 3.14 0.005440
1000 6 3.14 0.006182
1000 6 3.14 0.006331
1000 6 3.14 0.006911
1000 6 3.14 0.005918
1000 6 3.14 0.005385
1000 8 3.14 0.006123
1000 8 3.14 0.007071
1000 8 3.14 0.007115
1000 8 3.14 0.007152
1000 8 3.14 0.005636
10000 2 3.14 0.031812
10000 2 3.14 0.034180
10000 2 3.14 0.020760
10000 2 3.14 0.033323
10000 2 3.14 0.032456
10000 4 3.14 0.036156
10000 4 3.14 0.039891
10000 4 3.14 0.043603
10000 4 3.14 0.039683
10000 4 3.14 0.039630
10000 6 3.14 0.050615
10000 6 3.14 0.053847
10000 6 3.14 0.053176
10000 6 3.14 0.053313
10000 6 3.14 0.049639
10000 8 3.14 0.069245
10000 8 3.14 0.059632
10000 8 3.14 0.065371
10000 8 3.14 0.062179
10000 8 3.14 0.060804
100000 2 3.14 0.354732
100000 2 3.14 0.354327
100000 2 3.14 0.355019
100000 2 3.14 0.350664
100000 2 3.14 0.353695
100000 4 3.14 0.322521
100000 4 3.14 0.324858
100000 4 3.14 0.317113
100000 4 3.14 0.318144
100000 4 3.14 0.321194
100000 6 3.14 0.441765
100000 6 3.14 0.439788
100000 6 3.14 0.414011
100000 6 3.14 0.413926
100000 6 3.14 0.430963
100000 8 3.14 0.390208
100000 8 3.14 0.396474
100000 8 3.14 0.375607
100000 8 3.14 0.374572
100000 8 3.14 0.381974
1000000 2 3.14 3.743580
1000000 2 3.14 3.689446
1000000 2 3.14 3.728244
1000000 2 3.14 3.680267
1000000 2 3.14 3.709118
1000000 4 3.14 3.230162
1000000 4 3.14 3.188679
1000000 4 3.14 3.194882
1000000 4 3.14 3.208979
1000000 4 3.14 3.160929
1000000 6 3.14 4.334965
1000000 6 3.14 4.204394
1000000 6 3.14 4.462692
1000000 6 3.14 4.217584
1000000 6 3.14 4.315688
1000000 8 3.14 3.910727
1000000 8 3.14 3.945823
1000000 8 3.14 4.031723
1000000 8 3.14 3.792113
1000000 8 3.14 3.688332
