mutex.txt
iters,nothrd,val,time
100 2 3.13 0.000229
100 2 3.13 0.000224
100 2 3.13 0.000202
100 2 3.13 0.000224
100 2 3.13 0.000289
100 4 3.13 0.000378
100 4 3.13 0.000363
100 4 3.13 0.000338
100 4 3.13 0.000339
100 4 3.13 0.000396
100 6 3.13 0.000453
100 6 3.13 0.000460
100 6 3.13 0.000520
100 6 3.13 0.000429
100 6 3.13 0.000465
100 8 3.13 0.000622
100 8 3.13 0.000606
100 8 3.13 0.000708
100 8 3.13 0.000629
100 8 3.13 0.000670
1000 2 3.14 0.000276
1000 2 3.14 0.000269
1000 2 3.14 0.000267
1000 2 3.14 0.000284
1000 2 3.14 0.000292
1000 4 3.14 0.000400
1000 4 3.14 0.000414
1000 4 3.14 0.000503
1000 4 3.14 0.000419
1000 4 3.14 0.000424
1000 6 3.14 0.000673
1000 6 3.14 0.000579
1000 6 3.14 0.000567
1000 6 3.14 0.000693
1000 6 3.14 0.000531
1000 8 3.14 0.000553
1000 8 3.14 0.000549
1000 8 3.14 0.000760
1000 8 3.14 0.000624
1000 8 3.14 0.000721
10000 2 3.14 0.002685
10000 2 3.14 0.000760
10000 2 3.14 0.000718
10000 2 3.14 0.000749
10000 2 3.14 0.000763
10000 4 3.14 0.000833
10000 4 3.14 0.000811
10000 4 3.14 0.000795
10000 4 3.14 0.000898
10000 4 3.14 0.000831
10000 6 3.14 0.002069
10000 6 3.14 0.001798
10000 6 3.14 0.000905
10000 6 3.14 0.000752
10000 6 3.14 0.002365
10000 8 3.14 0.002317
10000 8 3.14 0.002422
10000 8 3.14 0.002645
10000 8 3.14 0.001554
10000 8 3.14 0.002323
100000 2 3.14 0.004813
100000 2 3.14 0.005475
100000 2 3.14 0.005233
100000 2 3.14 0.005686
100000 2 3.14 0.011651
100000 4 3.14 0.004904
100000 4 3.14 0.023550
100000 4 3.14 0.004843
100000 4 3.14 0.004859
100000 4 3.14 0.004980
100000 6 3.14 0.021312
100000 6 3.14 0.020871
100000 6 3.14 0.005175
100000 6 3.14 0.011918
100000 6 3.14 0.005046
100000 8 3.14 0.023787
100000 8 3.14 0.017105
100000 8 3.14 0.011695
100000 8 3.14 0.013434
100000 8 3.14 0.015042
1000000 2 3.14 0.184754
1000000 2 3.14 0.187009
1000000 2 3.14 0.188556
1000000 2 3.14 0.192687
1000000 2 3.14 0.187342
1000000 4 3.14 0.185751
1000000 4 3.14 0.186330
1000000 4 3.14 0.177713
1000000 4 3.14 0.179756
1000000 4 3.14 0.188855
1000000 6 3.14 0.190517
1000000 6 3.14 0.185722
1000000 6 3.14 0.179267
1000000 6 3.14 0.189853
1000000 6 3.14 0.183750
1000000 8 3.14 0.187338
1000000 8 3.14 0.200256
1000000 8 3.14 0.210914
1000000 8 3.14 0.197906
1000000 8 3.14 0.189579
