semaphore.txt
iters,nothrd,val,time
100 2 3.13 0.000347
100 2 3.13 0.000297
100 2 3.13 0.000210
100 2 3.13 0.000212
100 2 3.13 0.000289
100 4 3.13 0.000435
100 4 3.13 0.000322
100 4 3.13 0.000335
100 4 3.13 0.000446
100 4 3.13 0.000368
100 6 3.13 0.000486
100 6 3.13 0.000489
100 6 3.13 0.000473
100 6 3.13 0.000531
100 6 3.13 0.000520
100 8 3.13 0.000740
100 8 3.13 0.000608
100 8 3.13 0.000646
100 8 3.13 0.000650
100 8 3.13 0.000568
1000 2 3.14 0.000455
1000 2 3.14 0.000299
1000 2 3.14 0.000308
1000 2 3.14 0.000325
1000 2 3.14 0.000348
1000 4 3.14 0.000722
1000 4 3.14 0.000505
1000 4 3.14 0.000402
1000 4 3.14 0.000393
1000 4 3.14 0.000449
1000 6 3.14 0.000515
1000 6 3.14 0.000561
1000 6 3.14 0.000555
1000 6 3.14 0.000510
1000 6 3.14 0.000578
1000 8 3.14 0.000719
1000 8 3.14 0.000591
1000 8 3.14 0.000814
1000 8 3.14 0.000680
1000 8 3.14 0.000777
10000 2 3.14 0.000614
10000 2 3.14 0.000814
10000 2 3.14 0.000835
10000 2 3.14 0.000737
10000 2 3.14 0.000789
10000 4 3.14 0.000764
10000 4 3.14 0.000859
10000 4 3.14 0.000796
10000 4 3.14 0.000874
10000 4 3.14 0.000851
10000 6 3.14 0.002686
10000 6 3.14 0.003056
10000 6 3.14 0.002799
10000 6 3.14 0.002993
10000 6 3.14 0.003047
10000 8 3.14 0.002513
10000 8 3.14 0.001079
10000 8 3.14 0.002517
10000 8 3.14 0.002731
10000 8 3.14 0.001958
100000 2 3.14 0.035990
100000 2 3.14 0.018943
100000 2 3.14 0.018698
100000 2 3.14 0.011984
100000 2 3.14 0.036515
100000 4 3.14 0.005131
100000 4 3.14 0.004137
100000 4 3.14 0.008128
100000 4 3.14 0.019283
100000 4 3.14 0.005231
100000 6 3.14 0.025389
100000 6 3.14 0.026124
100000 6 3.14 0.005787
100000 6 3.14 0.014301
100000 6 3.14 0.024543
100000 8 3.14 0.025832
100000 8 3.14 0.025921
100000 8 3.14 0.019475
100000 8 3.14 0.023216
100000 8 3.14 0.018034
1000000 2 3.14 0.194407
1000000 2 3.14 0.189185
1000000 2 3.14 0.215151
1000000 2 3.14 0.303610
1000000 2 3.14 0.230205
1000000 4 3.14 0.258961
1000000 4 3.14 0.231306
1000000 4 3.14 0.220599
1000000 4 3.14 0.242060
1000000 4 3.14 0.202358
1000000 6 3.14 0.210431
1000000 6 3.14 0.210038
1000000 6 3.14 0.202163
1000000 6 3.14 0.266115
1000000 6 3.14 0.199258
1000000 8 3.14 0.159101
1000000 8 3.14 0.275248
1000000 8 3.14 0.186112
1000000 8 3.14 0.274816
1000000 8 3.14 0.205633
